3 5 9
220 220 255 255 255 255 255 220 220
255 255 219 255 255 255 219 255 255
255 255 255 219 219 219 255 255 255
255 255 255 255 219 255 255 255 255
255 255 255 255 255 255 255 255 255

255 255 255 255 255 255 255 255 255
255 255 255 255 255 255 255 255 255
223 223 220 219 219 219 220 223 223
255 255 255 255 219 255 255 255 255
255 255 255 255 255 255 255 255 255

255 255 255 255 255 255 255 255 255
255 255 255 255 255 255 255 255 255
255 255 255 219 219 219 255 255 255
223 223 219 255 219 255 219 223 223
255 255 255 255 255 255 255 255 255

255 255 255 255 255 255 255 255 255
255 255 255 255 255 255 255 255 255
255 255 255 219 219 219 255 255 255
255 255 219 255 219 255 219 255 255
223 223 255 255 255 255 255 223 223


5 5
225 225 225 225 225 225 225 225 225
225 225 225 225 225 225 225 225 225
225 225 225 225 225 225 225 225 225
225 225 225 225 225 225 225 225 225
225 225 225 225 225 225 225 225 225

3 3
255 255 255
223 220 223
255 255 255