2 5 9
255 219 255 255 219 255 255 255 255
255 219 220 220 219 220 220 219 255
255 255 255 255 219 255 255 219 255
255 255 255 219 255 219 255 255 255
255 255 219 219 255 219 219 255 255

255 255 255 255 219 255 255 219 255
255 219 220 220 219 220 220 219 255
255 219 255 255 219 255 255 255 255
255 255 255 219 255 219 255 255 255
255 255 219 219 255 219 219 255 255

5 5
225 225 225 225 225 225 225 225 225
225 225 225 225 225 225 225 225 225
225 225 225 225 225 225 225 225 225
225 225 225 225 225 225 225 225 225
225 225 225 225 225 225 225 225 225

3 3
32 79 32
47 124 92
47 32 92